X,Y
5.634789603169249,3.4657359027997265
5.823045895483019,3.8501476017100584
5.914853444736141,3.912023005428146
5.991464547107982,4.406719247264253
6.042632833682381,4.0943445622221
6.083359811812238,4.61512051684126
6.118097198041348,4.543294782270004
6.13880638500591,5.093750200806762
6.169610732491456,4.23410650459726
6.2136075980886085,4.219507705176107
6.246106765481563,4.700480365792417
6.271933165041461,4.3694478524670215
6.299867942373015,4.290459441148391
6.327936783729195,4.343805421853684
6.360438546633731,4.442651256490317
6.38856140554563,4.477336814478207
6.402746040537586,4.997212273764115
6.415914955127227,5.030437921392435
6.435348765120091,4.465908118654584
6.454412090629509,4.6913478822291435
6.468474822379242,4.624972813284271
6.480811139196849,5.267858159063328
6.4967749901858625,4.30406509320417
6.512487995850418,4.820281565605037
6.528688644728503,4.174387269895637
6.55250788703459,4.430816798843313
6.572981598996505,5.209486152841421
6.586171654854675,4.343805421853684
6.601230118728877,4.836281906951478
6.615395616979245,4.700480365792417
6.626055278207904,4.653960350157523
6.643138479461352,4.174387269895637
6.663132695990803,4.553876891600541
6.678342114654332,4.248495242049359
6.691463202617029,4.8283137373023015
6.703188113240863,4.174387269895637
6.712348482639527,4.736198448394496
6.7208231096305,4.90527477843843
6.734591659972948,4.219507705176107
6.74993119378857,4.553876891600541
6.759835148905514,4.727387818712341
6.7690677592082436,4.718498871295094
6.778784897685177,5.442417710521793
6.783891291759751,4.430816798843313
6.78897174299217,4.867534450455582
6.799613120362434,4.290459441148391
6.811794887836226,4.804021044733257
6.822197390620491,4.356708826689592
6.829793737512425,4.574710978503383
6.838405200847344,4.532599493153256
6.846943139585379,5.043425116919247
6.852242569051878,4.30406509320417
6.865369562485699,4.127134385045092
6.884486652042782,4.127134385045092
6.895176496775277,4.499809670330265
6.902240098294027,4.59511985013459
6.913737350659685,4.394449154672439
6.926577033222725,4.418840607796598
6.9363427358340495,4.3694478524670215
6.946013991099227,4.532599493153256
6.955592608396297,4.59511985013459
6.963662910920433,4.2626798770413155
6.974011074759202,4.143134726391533
6.984716320118266,4.382026634673881
6.994391585641684,4.276666119016055
7.002155954403621,4.499809670330265
7.010763029056366,4.189654742026425
7.024649030453636,4.23410650459726
7.037466885503794,4.248495242049359
7.046647277848756,4.276666119016055
7.05444965813294,4.248495242049359
7.0630481633881725,4.382026634673881
7.071148825890573,4.672828834461906
7.07707602359884,4.23410650459726
7.083387847625295,4.290459441148391
7.091326055176523,4.248495242049359
7.101264025166656,4.394449154672439
7.109470882882726,5.003946305945459
7.115988217560592,4.74493212836325
7.124880757970784,3.8066624897703196
7.13528917859764,3.970291913552122
7.146378401144733,4.110873864173311
7.158124816549939,4.0943445622221
7.1681946150400435,4.543294782270004
7.1770187659099,4.007333185232471
7.185765731737187,4.219507705176107
7.194436851100335,3.871201010907891
7.20414929203594,4.07753744390572
7.21340005180809,4.02535169073515
7.22402480828583,4.248495242049359
7.233455418621439,4.219507705176107
7.240291207067544,3.8066624897703196
7.246724395801937,4.634728988229636
7.255238104551954,4.07753744390572
7.265779312490165,4.007333185232471
7.2755185199062895,3.9512437185814275
7.2868764117507,3.6375861597263857
7.294716915525742,4.770684624465665
7.298783339292532,4.189654742026425
7.304852137419785,3.7376696182833684
7.3108843272927535,4.605170185988092
7.317876198626496,3.9512437185814275
7.325807502595773,4.59511985013459
7.333676395657684,3.970291913552122
7.343749592125124,3.6109179126442243
7.3537223303996315,4.02535169073515
7.3613754289773485,4.02535169073515
7.370545453709571,3.7376696182833684
7.381190513529568,4.0943445622221
7.389872738611384,4.007333185232471
7.397255116033375,3.9318256327243257
7.404887575616125,3.784189633918261
7.4127640174265625,3.9318256327243257
7.42027945938371,3.7612001156935624
7.428333194190806,3.6635616461296463
7.4377951216719325,3.8066624897703196
7.448042612897747,3.5263605246161616
7.457320731064058,3.6375861597263857
7.465655310134056,3.8501476017100584
7.47477218239787,3.5263605246161616
7.4852109850458906,3.6109179126442243
7.493873886783559,3.7612001156935624
7.4999765409521215,4.1588830833596715
7.507415616448618,3.6888794541139363
7.516705300741327,3.713572066704308
7.526178913346146,3.4339872044851463
7.536363938404511,3.5263605246161616
7.546974117516527,3.5553480614894135
7.555381944240273,3.784189633918261
7.564757012905729,3.295836866004329
7.5745584842024805,3.7612001156935624
7.584264818389059,3.367295829986474
7.594381242551817,3.4965075614664802
7.603897968521881,3.367295829986474
7.613818684808629,3.1354942159291497
7.624374815727225,3.4339872044851463
7.636028261517456,3.1780538303479458
7.646831391430482,3.295836866004329
7.656573656912543,3.258096538021482
7.665519102628054,3.4339872044851463
7.675313957055892,3.1780538303479458
7.684094050428847,3.4657359027997265
7.693937325509272,3.044522437723423
7.707736888455909,2.9444389791664403
7.720905251936779,2.9444389791664403
7.7321499961517555,3.367295829986474
7.743269700829004,3.091042453358316
7.752335163302292,3.332204510175204
7.761744984658913,2.8903717578961645
7.772542167989177,3.1780538303479458
7.784057002639929,2.9444389791664403
7.796469243086058,2.9444389791664403
7.80710329012598,3.091042453358316
7.817424134547405,2.9444389791664403
7.829630389150193,2.70805020110221
7.841492924460013,2.995732273553991
7.851855711495559,2.8903717578961645
7.862112211662748,2.8903717578961645
7.873217054862741,2.9444389791664403
7.885893414182372,2.70805020110221
7.897110581713298,2.833213344056216
7.909122183211411,2.6390573296152584
7.922261058353247,2.70805020110221
7.934871565945177,2.5649493574615367
7.9483852851118995,2.5649493574615367
7.962415680121064,2.4849066497880004
7.977968093128549,2.302585092994046
7.993957547573565,2.4849066497880004
8.008698182988528,2.4849066497880004
8.021912778985708,2.3978952727983707
8.036088169099328,2.1972245773362196
8.050862807536799,2.302585092994046
8.065422330431561,2.302585092994046
8.080237416216702,2.302585092994046
8.096208271650037,2.1972245773362196
8.112827478751374,2.1972245773362196
8.130647968160584,2.0794415416798357
8.151477502825356,1.791759469228055
8.17188200612782,1.9459101490553132
8.192155332420688,1.791759469228055
8.214194414852564,1.791759469228055
8.236023202579679,1.6094379124341003
8.258940462988459,1.6094379124341003
8.286269452783065,1.0986122886681098
8.319351822964245,1.0986122886681098
8.35196471204846,1.0986122886681098
8.382632698020542,1.0986122886681098
8.418808289494836,0.6931471805599453
8.464319701809169,0.0
8.51579221050061,0.0
8.57376254290413,0.0
